1,2,685,1612,24,5602,2.044e+04,5.071e+04,34.59,6.005,1.172e+05,1.656,1.877e+05,1.877e+04,24.9,0.838,35.73,35.73,55.35,16.88,339.2,211.7,69.43,1.547e+04,887
2,2,1055,442,41,3909,1.576e+04,3.716e+04,30.37,4.873,8.588e+04,1.207,1.003e+05,1.003e+04,19.65,0.5843,30.2,30.2,45.82,9.249,238.6,204.3,47.59,1.063e+04,692.9
3,2,1120,449,37,5849,1.534e+04,3.894e+04,29.96,4.525,8.999e+04,1.248,1.087e+05,1.087e+04,33.32,1.471,66.48,66.48,106.6,37.74,1524,1261,477.1,1.793e+04,1520
4,2,1130,408,38,4379,1.714e+04,3.922e+04,31.68,4.405,9.064e+04,1.26,1.105e+05,1.105e+04,20.64,0.7056,45.11,19.14,44.4,15.85,241.6,198.1,74.69,1.205e+04,836.2
5,2,577,1867,42,6569,2.088e+04,4.978e+04,34.96,4.307,1.15e+05,1.656,1.843e+05,1.843e+04,26.64,1.057,44.35,44.35,69.91,15.08,499.6,311.9,78.17,2.112e+04,1496
6,2,1459,1986,61,1916,4306,1.084e+04,15.88,4.225,2.505e+04,0.4278,1.037e+04,1037,13.14,0.4765,33.22,33.22,51.04,16.79,407.4,984.3,345.8,6602,758.6
7,2,759,1668,13,1791,5704,1.417e+04,18.27,3.769,3.274e+04,0.454,1.438e+04,1438,19.63,0.8288,20.11,15.8,23.01,7.13,313.6,714,240.2,5855,507.7
8,2,1281,1480,25,3130,8830,2.125e+04,22.74,3.674,4.911e+04,0.6764,3.214e+04,3214,24.81,0.9763,31.53,31.53,48.13,18.56,698.6,1067,433.4,9135,695.8
9,2,1062,406,40,2147,5410,1.253e+04,17.8,3.663,2.895e+04,0.402,1.126e+04,1126,18.83,0.8722,29.04,29.04,43.8,13.62,621.7,1598,542.6,6694,719.7
10,2,1106,951,38,2026,4163,9889,15.61,3.418,2.285e+04,0.3294,7285,728.5,9.753,0.347,34.99,13.27,30.28,21.14,146,457.9,324.6,6147,666
11,2,1440,616,34,3626,6544,1.675e+04,19.57,3.183,3.871e+04,0.5753,2.155e+04,2155,18.59,0.8095,20.66,15.41,23.04,7.466,238.2,428,149.8,1.233e+04,1168
12,2,570,1784,44,973,1906,4950,10.56,2.809,1.144e+04,0.1728,1912,191.2,9.91,0.3647,19,15.27,21.36,5.133,212.4,1271,343.7,3951,561.5
13,2,1014,1515,47,834,904,1914,7.275,2.797,4424,0.06609,282.9,28.29,4.829,0.1266,20.71,14.37,21.82,12.46,133.2,2083,1213,2593,301.6
14,2,857,2207,55,2707,6025,1.284e+04,18.78,2.749,2.968e+04,0.4991,1.433e+04,1433,13.05,0.4681,33.36,27.36,45.85,6.249,304.8,631.2,115.9,7956,674.9
15,2,1206,1475,28,3607,9052,2.207e+04,23.02,2.698,5.1e+04,0.6784,3.347e+04,3347,22.29,0.9778,29.71,29.71,44.97,12.03,507.5,773.2,231,1.227e+04,1066
16,2,1404,525,35,2254,4367,9374,15.99,2.696,2.166e+04,0.3203,6714,671.4,9.675,0.3165,37.87,22.24,43.76,17.74,219,706.6,298.7,7048,618.2
17,2,1282,1095,73,2025,3823,9620,14.96,2.633,2.223e+04,0.3041,6540,654,13.72,0.5903,47.33,47.33,74.89,29.37,734.1,2495,1032,6758,752.6
18,2,1129,1332,32,1.840e+04,4.786e+04,1.224e+05,52.93,2.614,2.829e+05,3.799,1.04e+06,1.04e+05,31.35,1.441,86.42,86.42,139.4,49.01,560.8,152.6,57.52,6.007e+04,3963
19,2,1353,1477,32,6182,1.488e+04,3.765e+04,29.51,2.603,8.7e+04,1.174,9.88e+04,9880,27.27,1.185,57.66,57.66,92.05,22.47,911.3,802.5,222.9,2.124e+04,1690
20,2,898,2214,55,1338,2010,4727,10.85,2.585,1.092e+04,0.2095,2214,221.4,10.27,0.4546,21.76,19.42,28.4,7.6,317.3,1565,468.2,3985,409.1
21,2,665,1709,8,632,977,2452,7.563,2.57,5667,0.07763,425.6,42.56,9.884,0.3921,16.91,11.29,13.94,5.182,278.3,3705,1456,2343,352.4
22,2,1354,449,38,736,1160,3180,8.241,2.545,7348,0.09972,708.9,70.89,14,0.6888,14.09,14.09,14.65,5.782,452.8,4693,1966,2887,436
23,2,685,708,42,337,537,1161,5.607,2.51,2684,0.04538,117.8,11.78,nan,nan,15.73,13.17,15.41,2.9,nan,nan,nan,1124,170.2
24,2,656,1696,16,2445,8742,2.023e+04,22.62,2.486,4.676e+04,0.6328,2.863e+04,2863,30.21,1.231,32.79,32.79,50.3,12.78,1137,1857,529.2,7969,740.6
25,2,631,1712,27,773,1411,3345,9.089,2.387,7730,0.1041,778.6,77.86,10.04,0.4071,17.15,17.15,21.61,3.392,326.3,3239,657.7,2319,265.8
26,2,1383,1385,32,584,814,2500,6.903,2.31,5777,0.08295,463.6,46.36,12.11,0.5499,23.46,10.62,18.66,18.41,548.7,6837,6810,2328,352.4
27,2,900,2301,58,1512,1952,6039,10.69,2.282,1.396e+04,0.269,3632,363.2,10.42,0.4572,38.01,38.01,59.22,18.83,533.2,2049,706.3,6569,824.3
28,2,1108,1392,37,1379,1809,6439,10.29,2.222,1.488e+04,0.1966,2831,283.1,19.13,0.8732,25.77,25.77,38.01,13.06,1083,5691,2103,5860,701.8
29,2,1317,1202,73,1184,1607,4169,9.699,2.16,9635,0.1373,1280,128,13.88,0.6433,27.18,27.18,40.52,14.92,937.8,7060,2773,3958,453.9
30,2,606,1719,44,2068,4743,1.216e+04,16.66,2.16,2.809e+04,0.3848,1.046e+04,1046,18.73,0.7801,33.28,33.28,51.14,14.82,739.6,1986,631.1,6968,639.1
31,2,626,1655,39,2026,3002,8035,13.26,2.155,1.857e+04,0.2477,4450,445,11.98,0.5035,56.83,22.89,55.92,38.06,500.9,2090,1449,8261,1078
32,2,1215,1327,41,920,1513,4334,9.411,2.14,1.002e+04,0.1364,1322,132.2,12.26,0.5683,22.3,11.44,19.08,14.24,331.6,2512,1906,3456,418.1
33,2,990,2329,58,1429,1719,5796,10.03,2.12,1.34e+04,0.2418,3133,313.3,8.575,0.3497,33.1,18.2,35.8,16.78,227.6,973.1,473,7131,1021
34,2,1120,976,38,467,777,1831,6.744,2.09,4232,0.05903,241.7,24.17,8.58,0.3595,13.16,11.63,9.715,4.586,195.7,3427,1679,1759,247.9
35,2,1313,479,35,896,1245,4205,8.537,2.083,9718,0.1522,1431,143.1,10.6,0.5025,36.95,16.76,36.41,10.66,487.1,3309,1071,4740,660
36,2,1156,669,52,1957,3760,1.161e+04,14.84,2.065,2.683e+04,0.3804,9875,987.5,17.4,0.7936,43.92,16.97,40.74,18.94,532.2,1446,700.2,8076,997.5
37,2,1266,1542,25,1644,2295,6079,11.59,2.044,1.405e+04,0.1935,2630,263,10.15,0.4014,36.6,17.89,37.68,14.15,319.8,1708,677.1,6063,740.6
38,2,1316,1223,66,1827,2455,9079,11.99,2.035,2.098e+04,0.2775,5634,563.4,21.3,1.047,47.42,47.42,75.05,22.9,1880,7000,2351,8297,1009
39,2,1190,988,63,1299,2109,5523,11.11,2.011,1.276e+04,0.1972,2435,243.5,10.09,0.4033,25.11,25.11,36.83,7.812,340.5,1785,442.1,4816,603.3
40,2,1443,463,36,946,1463,3691,9.254,1.989,8531,0.1231,1016,101.6,10.18,0.4081,19.82,13.06,19.34,9.532,272.3,2286,1164,3304,424.1
41,2,1542,1657,34,344,362,1012,4.603,1.941,2338,0.03085,69.77,6.977,6.804,0.278,15.85,15.85,18.8,9.52,431.3,1.445e+04,7550,1260,197.1
42,2,1316,1547,17,471,591,1492,5.882,1.856,3448,0.04723,157.5,15.75,6.895,0.2839,21.52,21.52,30.23,3.59,482.7,1.056e+04,1857,1483,203.1
43,2,1312,1346,41,528,1391,4668,9.024,1.851,1.079e+04,0.1595,1664,166.4,22.88,1.111,15.21,15.21,17.36,5.398,976.1,6326,2155,2745,412.1
44,2,553,1736,44,216,261,781.3,3.909,1.836,1806,0.02749,48.03,4.803,6.802,0.2649,10.44,8.573,nan,4.128,nan,nan,nan,961,176.2
45,2,1424,1885,58,1180,1380,4231,8.988,1.822,9777,0.1602,1516,151.6,8.592,0.3551,36.47,18.06,37.81,13.98,330.7,2133,835.5,5220,806.3
46,2,1347,1336,67,742,1245,3896,8.537,1.77,9003,0.1201,1046,104.6,23.07,1.155,22.77,22.77,32.55,12.41,2229,1.919e+04,7801,2589,313.6
47,2,1231,1605,26,147,155,602.7,3.012,1.718,1393,0.01845,24.87,2.487,7.217,0.3607,8.774,8.774,nan,2.526,nan,nan,nan,869.6,185.2
48,2,451,1824,44,931,1102,4818,8.032,1.716,1.114e+04,0.1587,1709,170.9,14.12,0.6697,44.15,20.62,45.77,19.48,949.5,6185,2767,5162,830.2
49,2,931,1781,43,175,283,727,4.07,1.705,1680,0.02969,48.26,4.826,5.111,0.176,14.57,9.824,8.257,10.88,148.7,5177,6851,675.6,125.4
50,2,462,1821,41,295,311,1165,4.267,1.7,2692,0.03602,93.84,9.384,5.202,0.1942,20.04,9.767,14.39,11.02,167.5,4807,3728,1699,289.7
51,2,515,1741,43,424,636,2536,6.102,1.695,5860,0.0978,554.5,55.45,10.48,0.4721,15.13,12.66,14,9.531,303.6,3208,2227,2823,471.9
52,2,781,1539,43,400,441,1717,5.081,1.689,3967,0.05696,218.6,21.86,10.65,0.5175,41.07,11.76,31.08,34.51,1029,1.868e+04,2.09e+04,2415,468.9
53,2,1031,1345,55,445,461,1642,5.195,1.689,3794,0.0527,193.5,19.35,8.755,0.3924,30.22,13.82,28.17,18.2,659.1,1.293e+04,8531,2386,424.1
54,2,939,1745,42,275,329,823.6,4.389,1.688,1903,0.02625,48.35,4.835,6.971,0.302,11.92,11.92,8.089,9.108,239.2,9416,1.067e+04,1093,191.1
55,2,1163,907,42,589,709,2490,6.442,1.684,5754,0.08072,449.4,44.94,8.955,0.4406,26.97,26.97,40.15,18.09,648,8297,3917,2983,504.7
56,2,1302,1484,14,241,290,1164,4.12,1.673,2690,0.03631,94.53,9.453,12.19,0.5593,20.97,5.707,2.473,44.11,158.2,4502,8.031e+04,1465,265.8
57,2,1262,1394,33,190,200,660.6,3.422,1.67,1527,0.02061,30.45,3.045,6.898,0.2839,8.348,7.947,nan,1.292,nan,nan,nan,981.1,182.2
58,2,888,2408,59,175,175,661.5,3.201,1.665,1529,0.03087,45.65,4.565,nan,nan,19.06,19.06,25.48,6.093,nan,nan,nan,1093,209.1
59,2,1222,1199,58,292,377,1162,4.698,1.661,2685,0.03731,96.93,9.693,6.957,0.2928,17.5,11.87,15.45,10.52,322.6,8936,6197,1253,203.1
60,2,1244,1239,74,617,874,2730,7.153,1.659,6308,0.08759,534.6,53.46,10.51,0.4744,23.69,17.59,28.13,11.14,570.1,6727,2815,2694,424.1
61,2,1317,1313,72,346,346,831,4.501,1.652,1920,0.02693,50.04,5.004,6.832,0.2743,29.59,29.59,44.75,13.73,1260,4.834e+04,1.607e+04,1465,271.8
62,2,1146,755,45,636,676,2411,6.291,1.646,5571,0.0847,456.5,45.65,12.2,0.5488,19.93,9.805,14.36,16.96,444.2,5420,6446,3311,486.8
63,2,1592,1620,32,177,185,1093,3.291,1.639,2526,0.03415,83.46,8.346,7.036,0.3127,15.61,10.38,10.86,4.967,246.5,7460,3555,1425,274.8
64,2,1263,1242,72,125,177,723.9,3.219,1.638,1673,0.02388,38.65,3.865,7.282,0.3731,15.22,10.3,10.19,6.383,374.2,1.62e+04,1.04e+04,840.6,164.3
65,2,1177,452,39,314,316,768.6,4.301,1.624,1776,0.02674,45.95,4.595,5.117,0.1872,11.85,4.872,nan,5.244,nan,nan,nan,1204,212
66,2,1178,950,60,200,200,841.6,3.422,1.612,1945,0.02612,49.16,4.916,6.928,0.287,15.55,15.55,18.14,7.584,518.5,2.051e+04,8979,1358,277.7
67,2,471,1953,14,191,271,887,3.983,1.596,2050,0.03,59.5,5.95,7.02,0.3129,14.35,6.92,nan,12.27,nan,nan,nan,883,170.2
68,2,1169,780,51,532,538,2394,5.612,1.595,5534,0.08277,443.1,44.31,10.3,0.4286,34.45,34.45,53.15,19.27,1180,1.473e+04,5674,3594,621.2
69,2,864,2298,63,208,243,1021,3.772,1.593,2361,0.04299,98.18,9.818,8.877,0.4333,15.53,7.04,nan,24.01,nan,nan,nan,1162,235.9
70,2,1075,790,47,424,427,1621,5,1.58,3747,0.05166,187.3,18.73,8.613,0.3586,19.69,9.315,13.21,13.35,302.9,6060,6175,2192,433
71,2,1155,835,52,439,504,2229,5.432,1.578,5151,0.06882,343,34.3,12.37,0.5878,27.37,27.37,40.85,10.37,1406,2.112e+04,6101,2774,495.8
72,2,1201,1262,52,166,201,774.7,3.43,1.577,1790,0.02639,45.71,4.571,5.353,0.2339,11.83,11.83,7.704,11.57,142.8,5595,8432,1177,259.8
73,2,1199,1033,39,217,218,628,3.572,1.559,1451,0.01958,27.49,2.749,5.086,0.1739,8.784,6.45,nan,1.16,nan,nan,nan,1003,209.1
74,2,1339,1296,67,173,195,796.9,3.379,1.557,1842,0.02637,46.98,4.698,8.793,0.4035,11.73,11.73,7.292,11.1,354.5,1.39e+04,2.124e+04,1081,215
75,2,510,1678,44,183,267,763.4,3.954,1.553,1764,0.02872,49.02,4.902,5.268,0.2109,12.99,9.559,4.24,14.49,77.24,2780,9506,762.6,152.3
76,2,1329,1355,32,141,185,599.8,3.291,1.493,1386,0.0186,24.95,2.495,5.36,0.2338,12.62,12.62,10.51,8.379,252.3,1.402e+04,1.133e+04,700.1,131.4
77,2,1367,627,33,119,119,608.9,2.639,1.491,1407,0.02121,28.88,2.888,5.121,0.1759,15.35,7.293,nan,31.76,nan,nan,nan,1099,268.8
78,2,949,1317,43,96,102,562.2,2.444,1.489,1299,0.02096,26.34,2.634,6.983,0.2974,8.447,5.109,nan,1.099,nan,nan,nan,807.2,218
79,2,1164,1277,62,160,160,1084,3.06,1.442,2505,0.03368,81.65,8.165,8.892,0.4234,31.71,8.958,20.99,7.533,767.2,2.354e+04,9053,1634,364.3
80,2,1004,1478,35,126,126,618.9,2.716,1.433,1430,0.02555,35.36,3.536,5.282,0.2155,11.03,8.024,nan,5.44,nan,nan,nan,943.2,182.2
81,2,1264,1269,69,113,113,816,2.572,1.433,1886,0.02565,46.79,4.679,7.113,0.33,14.43,14.43,15.5,7.99,481.8,1.941e+04,1.035e+04,1226,241.9
82,2,1186,910,58,150,150,640.7,2.963,1.429,1481,0.01949,27.93,2.793,5.286,0.2144,18.26,18.26,23.89,7.934,522.2,2.769e+04,9862,1159,283.7
83,2,1197,1596,25,89,89,658,2.283,1.424,1521,0.02091,30.77,3.077,5.236,0.2031,16.63,16.63,20.51,6.904,428.3,2.117e+04,7613,1137,256.8
